INFO :: wrapper :: generation number: 3 - Brain id this_instance_id-3-0 - Brain fitness 10.05 - Path: [[1, 1], (1, 2), (1, 3), (2, 3), (3, 4), (4, 4), (4, 3), (3, 3), (2, 3), (3, 4), (2, 4), (1, 4), (2, 3), (3, 4), (2, 4), (1, 4), (2, 3), (3, 4), (2, 4), (1, 4), (2, 3), (3, 4)]
INFO :: wrapper :: generation number: 3 - Brain id this_instance_id-3-1 - Brain fitness 10.05 - Path: [[1, 1], (1, 2), (1, 3), (2, 3), (3, 4), (4, 4), (4, 3), (3, 3), (2, 3), (3, 4), (2, 4), (1, 4), (2, 3), (3, 4), (2, 4), (1, 4), (2, 3), (3, 4), (2, 4), (1, 4), (2, 3), (3, 4)]
INFO :: wrapper :: generation number: 3 - Brain id this_instance_id-3-2 - Brain fitness 10.05 - Path: [[1, 1], (1, 2), (1, 3), (2, 3), (3, 4), (4, 4), (4, 3), (3, 3), (2, 3), (3, 4), (2, 4), (1, 4), (2, 3), (3, 4), (2, 4), (1, 4), (2, 3), (3, 4), (2, 4), (1, 4), (2, 3), (3, 4)]
INFO :: wrapper :: generation number: 3 - Brain id this_instance_id-3-3 - Brain fitness 10.05 - Path: [[1, 1], (1, 2), (1, 3), (2, 3), (3, 4), (4, 4), (4, 3), (3, 3), (2, 3), (3, 4), (2, 4), (1, 4), (2, 3), (3, 4), (2, 4), (1, 4), (2, 3), (3, 4), (2, 4), (1, 4), (2, 3), (3, 4)]
INFO :: wrapper :: generation number: 3 - Brain id this_instance_id-3-4 - Brain fitness 10.05 - Path: [[1, 1], (1, 2), (1, 3), (2, 3), (3, 4), (4, 4), (4, 3), (3, 3), (2, 3), (3, 4), (2, 4), (1, 4), (2, 3), (3, 4), (2, 4), (1, 4), (2, 3), (3, 4), (2, 4), (1, 4), (2, 3), (3, 4)]
INFO :: wrapper :: generation number: 3 - Brain id this_instance_id-3-5 - Brain fitness 10.05 - Path: [[1, 1], (1, 2), (1, 3), (2, 3), (3, 4), (4, 4), (4, 3), (3, 3), (2, 3), (3, 4), (2, 4), (1, 4), (2, 3), (3, 4), (2, 4), (1, 4), (2, 3), (3, 4), (2, 4), (1, 4), (2, 3), (3, 4)]
INFO :: wrapper :: generation number: 3 - Brain id this_instance_id-3-6 - Brain fitness 10.05 - Path: [[1, 1], (1, 2), (1, 3), (2, 3), (3, 4), (4, 4), (4, 3), (3, 3), (2, 3), (3, 4), (2, 4), (1, 4), (2, 3), (3, 4), (2, 4), (1, 4), (2, 3), (3, 4), (2, 4), (1, 4), (2, 3), (3, 4)]
INFO :: wrapper :: generation number: 3 - Brain id this_instance_id-3-7 - Brain fitness 10.05 - Path: [[1, 1], (1, 2), (1, 3), (2, 3), (3, 4), (4, 4), (4, 3), (3, 3), (2, 3), (3, 4), (2, 4), (1, 4), (2, 3), (3, 4), (2, 4), (1, 4), (2, 3), (3, 4), (2, 4), (1, 4), (2, 3), (3, 4)]
INFO :: wrapper :: generation number: 3 - Brain id this_instance_id-3-8 - Brain fitness 10.05 - Path: [[1, 1], (1, 2), (1, 3), (2, 3), (3, 4), (4, 4), (4, 3), (3, 3), (2, 3), (3, 4), (2, 4), (1, 4), (2, 3), (3, 4), (2, 4), (1, 4), (2, 3), (3, 4), (2, 4), (1, 4), (2, 3), (3, 4)]
INFO :: wrapper :: generation number: 3 - Brain id this_instance_id-3-9 - Brain fitness 10.05 - Path: [[1, 1], (1, 2), (1, 3), (2, 3), (3, 4), (4, 4), (4, 3), (3, 3), (2, 3), (3, 4), (2, 4), (1, 4), (2, 3), (3, 4), (2, 4), (1, 4), (2, 3), (3, 4), (2, 4), (1, 4), (2, 3), (3, 4)]
INFO :: wrapper :: generation number: 3 - Brain id this_instance_id-3-10 - Brain fitness 10.05 - Path: [[1, 1], (1, 2), (1, 3), (2, 3), (3, 4), (4, 4), (4, 3), (3, 3), (2, 3), (3, 4), (2, 4), (1, 4), (2, 3), (3, 4), (2, 4), (1, 4), (2, 3), (3, 4), (2, 4), (1, 4), (2, 3), (3, 4)]
INFO :: wrapper :: generation number: 3 - Brain id this_instance_id-3-11 - Brain fitness 10.05 - Path: [[1, 1], (1, 2), (1, 3), (2, 3), (3, 4), (4, 4), (4, 3), (3, 3), (2, 3), (3, 4), (2, 4), (1, 4), (2, 3), (3, 4), (2, 4), (1, 4), (2, 3), (3, 4), (2, 4), (1, 4), (2, 3), (3, 4)]
INFO :: wrapper :: generation number: 3 - Brain id this_instance_id-3-12 - Brain fitness 10.05 - Path: [[1, 1], (1, 2), (1, 3), (2, 3), (3, 4), (4, 4), (4, 3), (3, 3), (2, 3), (3, 4), (2, 4), (1, 4), (2, 3), (3, 4), (2, 4), (1, 4), (2, 3), (3, 4), (2, 4), (1, 4), (2, 3), (3, 4)]
INFO :: wrapper :: generation number: 3 - Brain id this_instance_id-3-13 - Brain fitness 10.05 - Path: [[1, 1], (1, 2), (1, 3), (2, 3), (3, 4), (4, 4), (4, 3), (3, 3), (2, 3), (3, 4), (2, 4), (1, 4), (2, 3), (3, 4), (2, 4), (1, 4), (2, 3), (3, 4), (2, 4), (1, 4), (2, 3), (3, 4)]
INFO :: wrapper :: generation number: 3 - Brain id this_instance_id-3-14 - Brain fitness 10.05 - Path: [[1, 1], (1, 2), (1, 3), (2, 3), (3, 4), (4, 4), (4, 3), (3, 3), (2, 3), (3, 4), (2, 4), (1, 4), (2, 3), (3, 4), (2, 4), (1, 4), (2, 3), (3, 4), (2, 4), (1, 4), (2, 3), (3, 4)]
INFO :: wrapper :: generation number: 3 - Brain id this_instance_id-3-16 - Brain fitness 10.05 - Path: [[1, 1], (1, 2), (1, 3), (2, 3), (3, 4), (4, 4), (4, 3), (3, 3), (2, 3), (3, 4), (2, 4), (1, 4), (2, 3), (3, 4), (2, 4), (1, 4), (2, 3), (3, 4), (2, 4), (1, 4), (2, 3), (3, 4)]
INFO :: wrapper :: generation number: 3 - Brain id this_instance_id-3-17 - Brain fitness 10.05 - Path: [[1, 1], (1, 2), (1, 3), (2, 3), (3, 4), (4, 4), (4, 3), (3, 3), (2, 3), (3, 4), (2, 4), (1, 4), (2, 3), (3, 4), (2, 4), (1, 4), (2, 3), (3, 4), (2, 4), (1, 4), (2, 3), (3, 4)]
INFO :: wrapper :: generation number: 3 - Brain id this_instance_id-3-18 - Brain fitness 10.05 - Path: [[1, 1], (1, 2), (1, 3), (2, 3), (3, 4), (4, 4), (4, 3), (3, 3), (2, 3), (3, 4), (2, 4), (1, 4), (2, 3), (3, 4), (2, 4), (1, 4), (2, 3), (3, 4), (2, 4), (1, 4), (2, 3), (3, 4)]
INFO :: wrapper :: generation number: 3 - Brain id this_instance_id-3-19 - Brain fitness 10.05 - Path: [[1, 1], (1, 2), (1, 3), (2, 3), (3, 4), (4, 4), (4, 3), (3, 3), (2, 3), (3, 4), (2, 4), (1, 4), (2, 3), (3, 4), (2, 4), (1, 4), (2, 3), (3, 4), (2, 4), (1, 4), (2, 3), (3, 4)]
INFO :: wrapper :: generation number: 3 - Brain id this_instance_id-3-20 - Brain fitness 10.05 - Path: [[1, 1], (1, 2), (1, 3), (2, 3), (3, 4), (4, 4), (4, 3), (3, 3), (2, 3), (3, 4), (2, 4), (1, 4), (2, 3), (3, 4), (2, 4), (1, 4), (2, 3), (3, 4), (2, 4), (1, 4), (2, 3), (3, 4)]
INFO :: wrapper :: generation number: 3 - Brain id this_instance_id-3-21 - Brain fitness 10.05 - Path: [[1, 1], (1, 2), (1, 3), (2, 3), (3, 4), (4, 4), (4, 3), (3, 3), (2, 3), (3, 4), (2, 4), (1, 4), (2, 3), (3, 4), (2, 4), (1, 4), (2, 3), (3, 4), (2, 4), (1, 4), (2, 3), (3, 4)]
INFO :: wrapper :: generation number: 3 - Brain id this_instance_id-3-22 - Brain fitness 10.05 - Path: [[1, 1], (1, 2), (1, 3), (2, 3), (3, 4), (4, 4), (4, 3), (3, 3), (2, 3), (3, 4), (2, 4), (1, 4), (2, 3), (3, 4), (2, 4), (1, 4), (2, 3), (3, 4), (2, 4), (1, 4), (2, 3), (3, 4)]
INFO :: wrapper :: generation number: 3 - Brain id this_instance_id-3-23 - Brain fitness 10.05 - Path: [[1, 1], (1, 2), (1, 3), (2, 3), (3, 4), (4, 4), (4, 3), (3, 3), (2, 3), (3, 4), (2, 4), (1, 4), (2, 3), (3, 4), (2, 4), (1, 4), (2, 3), (3, 4), (2, 4), (1, 4), (2, 3), (3, 4)]
INFO :: wrapper :: generation number: 3 - Brain id this_instance_id-3-24 - Brain fitness 10.05 - Path: [[1, 1], (1, 2), (1, 3), (2, 3), (3, 4), (4, 4), (4, 3), (3, 3), (2, 3), (3, 4), (2, 4), (1, 4), (2, 3), (3, 4), (2, 4), (1, 4), (2, 3), (3, 4), (2, 4), (1, 4), (2, 3), (3, 4)]
INFO :: wrapper :: generation number: 3 - Brain id this_instance_id-3-25 - Brain fitness 10.05 - Path: [[1, 1], (1, 2), (1, 3), (2, 3), (3, 4), (4, 4), (4, 3), (3, 3), (2, 3), (3, 4), (2, 4), (1, 4), (2, 3), (3, 4), (2, 4), (1, 4), (2, 3), (3, 4), (2, 4), (1, 4), (2, 3), (3, 4)]
INFO :: wrapper :: generation number: 3 - Brain id this_instance_id-3-26 - Brain fitness 10.05 - Path: [[1, 1], (1, 2), (1, 3), (2, 3), (3, 4), (4, 4), (4, 3), (3, 3), (2, 3), (3, 4), (2, 4), (1, 4), (2, 3), (3, 4), (2, 4), (1, 4), (2, 3), (3, 4), (2, 4), (1, 4), (2, 3), (3, 4)]
INFO :: wrapper :: generation number: 3 - Brain id this_instance_id-3-27 - Brain fitness 10.05 - Path: [[1, 1], (1, 2), (1, 3), (2, 3), (3, 4), (4, 4), (4, 3), (3, 3), (2, 3), (3, 4), (2, 4), (1, 4), (2, 3), (3, 4), (2, 4), (1, 4), (2, 3), (3, 4), (2, 4), (1, 4), (2, 3), (3, 4)]
INFO :: wrapper :: generation number: 3 - Brain id this_instance_id-3-28 - Brain fitness 10.05 - Path: [[1, 1], (1, 2), (1, 3), (2, 3), (3, 4), (4, 4), (4, 3), (3, 3), (2, 3), (3, 4), (2, 4), (1, 4), (2, 3), (3, 4), (2, 4), (1, 4), (2, 3), (3, 4), (2, 4), (1, 4), (2, 3), (3, 4)]
INFO :: wrapper :: generation number: 3 - Brain id this_instance_id-3-29 - Brain fitness 10.05 - Path: [[1, 1], (1, 2), (1, 3), (2, 3), (3, 4), (4, 4), (4, 3), (3, 3), (2, 3), (3, 4), (2, 4), (1, 4), (2, 3), (3, 4), (2, 4), (1, 4), (2, 3), (3, 4), (2, 4), (1, 4), (2, 3), (3, 4)]
INFO :: wrapper :: generation number: 3 - Brain id this_instance_id-3-30 - Brain fitness 10.05 - Path: [[1, 1], (1, 2), (1, 3), (2, 3), (3, 4), (4, 4), (4, 3), (3, 3), (2, 3), (3, 4), (2, 4), (1, 4), (2, 3), (3, 4), (2, 4), (1, 4), (2, 3), (3, 4), (2, 4), (1, 4), (2, 3), (3, 4)]
INFO :: wrapper :: generation number: 3 - Brain id this_instance_id-3-31 - Brain fitness 10.05 - Path: [[1, 1], (1, 2), (1, 3), (2, 3), (3, 4), (4, 4), (4, 3), (3, 3), (2, 3), (3, 4), (2, 4), (1, 4), (2, 3), (3, 4), (2, 4), (1, 4), (2, 3), (3, 4), (2, 4), (1, 4), (2, 3), (3, 4)]
INFO :: wrapper :: generation number: 3 - Brain id this_instance_id-3-32 - Brain fitness 10.05 - Path: [[1, 1], (1, 2), (1, 3), (2, 3), (3, 4), (4, 4), (4, 3), (3, 3), (2, 3), (3, 4), (2, 4), (1, 4), (2, 3), (3, 4), (2, 4), (1, 4), (2, 3), (3, 4), (2, 4), (1, 4), (2, 3), (3, 4)]
INFO :: wrapper :: generation number: 3 - Brain id this_instance_id-3-33 - Brain fitness 10.05 - Path: [[1, 1], (1, 2), (1, 3), (2, 3), (3, 4), (4, 4), (4, 3), (3, 3), (2, 3), (3, 4), (2, 4), (1, 4), (2, 3), (3, 4), (2, 4), (1, 4), (2, 3), (3, 4), (2, 4), (1, 4), (2, 3), (3, 4)]
INFO :: wrapper :: generation number: 3 - Brain id this_instance_id-3-34 - Brain fitness 10.05 - Path: [[1, 1], (1, 2), (1, 3), (2, 3), (3, 4), (4, 4), (4, 3), (3, 3), (2, 3), (3, 4), (2, 4), (1, 4), (2, 3), (3, 4), (2, 4), (1, 4), (2, 3), (3, 4), (2, 4), (1, 4), (2, 3), (3, 4)]
INFO :: wrapper :: generation number: 3 - Brain id this_instance_id-3-35 - Brain fitness 10.05 - Path: [[1, 1], (1, 2), (1, 3), (2, 3), (3, 4), (4, 4), (4, 3), (3, 3), (2, 3), (3, 4), (2, 4), (1, 4), (2, 3), (3, 4), (2, 4), (1, 4), (2, 3), (3, 4), (2, 4), (1, 4), (2, 3), (3, 4)]
INFO :: wrapper :: generation number: 3 - Brain id this_instance_id-3-36 - Brain fitness 10.05 - Path: [[1, 1], (1, 2), (1, 3), (2, 3), (3, 4), (4, 4), (4, 3), (3, 3), (2, 3), (3, 4), (2, 4), (1, 4), (2, 3), (3, 4), (2, 4), (1, 4), (2, 3), (3, 4), (2, 4), (1, 4), (2, 3), (3, 4)]
INFO :: wrapper :: generation number: 3 - Brain id this_instance_id-3-37 - Brain fitness 10.05 - Path: [[1, 1], (1, 2), (1, 3), (2, 3), (3, 4), (4, 4), (4, 3), (3, 3), (2, 3), (3, 4), (2, 4), (1, 4), (2, 3), (3, 4), (2, 4), (1, 4), (2, 3), (3, 4), (2, 4), (1, 4), (2, 3), (3, 4)]
INFO :: wrapper :: generation number: 3 - Brain id this_instance_id-3-38 - Brain fitness 10.05 - Path: [[1, 1], (1, 2), (1, 3), (2, 3), (3, 4), (4, 4), (4, 3), (3, 3), (2, 3), (3, 4), (2, 4), (1, 4), (2, 3), (3, 4), (2, 4), (1, 4), (2, 3), (3, 4), (2, 4), (1, 4), (2, 3), (3, 4)]
INFO :: wrapper :: generation number: 3 - Brain id this_instance_id-3-40 - Brain fitness 10.05 - Path: [[1, 1], (1, 2), (1, 3), (2, 3), (3, 4), (4, 4), (4, 3), (3, 3), (2, 3), (3, 4), (2, 4), (1, 4), (2, 3), (3, 4), (2, 4), (1, 4), (2, 3), (3, 4), (2, 4), (1, 4), (2, 3), (3, 4)]
INFO :: wrapper :: generation number: 3 - Brain id this_instance_id-3-41 - Brain fitness 10.05 - Path: [[1, 1], (1, 2), (1, 3), (2, 3), (3, 4), (4, 4), (4, 3), (3, 3), (2, 3), (3, 4), (2, 4), (1, 4), (2, 3), (3, 4), (2, 4), (1, 4), (2, 3), (3, 4), (2, 4), (1, 4), (2, 3), (3, 4)]
INFO :: wrapper :: generation number: 3 - Brain id this_instance_id-3-42 - Brain fitness 10.05 - Path: [[1, 1], (1, 2), (1, 3), (2, 3), (3, 4), (4, 4), (4, 3), (3, 3), (2, 3), (3, 4), (2, 4), (1, 4), (2, 3), (3, 4), (2, 4), (1, 4), (2, 3), (3, 4), (2, 4), (1, 4), (2, 3), (3, 4)]
INFO :: wrapper :: generation number: 3 - Brain id this_instance_id-3-43 - Brain fitness 10.05 - Path: [[1, 1], (1, 2), (1, 3), (2, 3), (3, 4), (4, 4), (4, 3), (3, 3), (2, 3), (3, 4), (2, 4), (1, 4), (2, 3), (3, 4), (2, 4), (1, 4), (2, 3), (3, 4), (2, 4), (1, 4), (2, 3), (3, 4)]
INFO :: wrapper :: generation number: 3 - Brain id this_instance_id-3-44 - Brain fitness 10.05 - Path: [[1, 1], (1, 2), (1, 3), (2, 3), (3, 4), (4, 4), (4, 3), (3, 3), (2, 3), (3, 4), (2, 4), (1, 4), (2, 3), (3, 4), (2, 4), (1, 4), (2, 3), (3, 4), (2, 4), (1, 4), (2, 3), (3, 4)]
INFO :: wrapper :: generation number: 3 - Brain id this_instance_id-3-45 - Brain fitness 10.05 - Path: [[1, 1], (1, 2), (1, 3), (2, 3), (3, 4), (4, 4), (4, 3), (3, 3), (2, 3), (3, 4), (2, 4), (1, 4), (2, 3), (3, 4), (2, 4), (1, 4), (2, 3), (3, 4), (2, 4), (1, 4), (2, 3), (3, 4)]
INFO :: wrapper :: generation number: 3 - Brain id this_instance_id-3-46 - Brain fitness 10.05 - Path: [[1, 1], (1, 2), (1, 3), (2, 3), (3, 4), (4, 4), (4, 3), (3, 3), (2, 3), (3, 4), (2, 4), (1, 4), (2, 3), (3, 4), (2, 4), (1, 4), (2, 3), (3, 4), (2, 4), (1, 4), (2, 3), (3, 4)]
INFO :: wrapper :: generation number: 3 - Brain id this_instance_id-3-47 - Brain fitness 10.05 - Path: [[1, 1], (1, 2), (1, 3), (2, 3), (3, 4), (4, 4), (4, 3), (3, 3), (2, 3), (3, 4), (2, 4), (1, 4), (2, 3), (3, 4), (2, 4), (1, 4), (2, 3), (3, 4), (2, 4), (1, 4), (2, 3), (3, 4)]
INFO :: wrapper :: generation number: 3 - Brain id this_instance_id-3-48 - Brain fitness 10.05 - Path: [[1, 1], (1, 2), (1, 3), (2, 3), (3, 4), (4, 4), (4, 3), (3, 3), (2, 3), (3, 4), (2, 4), (1, 4), (2, 3), (3, 4), (2, 4), (1, 4), (2, 3), (3, 4), (2, 4), (1, 4), (2, 3), (3, 4)]
INFO :: wrapper :: generation number: 3 - Brain id this_instance_id-3-49 - Brain fitness 10.05 - Path: [[1, 1], (1, 2), (1, 3), (2, 3), (3, 4), (4, 4), (4, 3), (3, 3), (2, 3), (3, 4), (2, 4), (1, 4), (2, 3), (3, 4), (2, 4), (1, 4), (2, 3), (3, 4), (2, 4), (1, 4), (2, 3), (3, 4)]
INFO :: wrapper :: generation number: 3 - Brain id this_instance_id-3-50 - Brain fitness 10.05 - Path: [[1, 1], (1, 2), (1, 3), (2, 3), (3, 4), (4, 4), (4, 3), (3, 3), (2, 3), (3, 4), (2, 4), (1, 4), (2, 3), (3, 4), (2, 4), (1, 4), (2, 3), (3, 4), (2, 4), (1, 4), (2, 3), (3, 4)]
INFO :: wrapper :: generation number: 3 - Brain id this_instance_id-3-51 - Brain fitness 10.05 - Path: [[1, 1], (1, 2), (1, 3), (2, 3), (3, 4), (4, 4), (4, 3), (3, 3), (2, 3), (3, 4), (2, 4), (1, 4), (2, 3), (3, 4), (2, 4), (1, 4), (2, 3), (3, 4), (2, 4), (1, 4), (2, 3), (3, 4)]
INFO :: wrapper :: generation number: 3 - Brain id this_instance_id-3-52 - Brain fitness 10.05 - Path: [[1, 1], (1, 2), (1, 3), (2, 3), (3, 4), (4, 4), (4, 3), (3, 3), (2, 3), (3, 4), (2, 4), (1, 4), (2, 3), (3, 4), (2, 4), (1, 4), (2, 3), (3, 4), (2, 4), (1, 4), (2, 3), (3, 4)]
INFO :: wrapper :: generation number: 3 - Brain id this_instance_id-3-53 - Brain fitness 10.05 - Path: [[1, 1], (1, 2), (1, 3), (2, 3), (3, 4), (4, 4), (4, 3), (3, 3), (2, 3), (3, 4), (2, 4), (1, 4), (2, 3), (3, 4), (2, 4), (1, 4), (2, 3), (3, 4), (2, 4), (1, 4), (2, 3), (3, 4)]
INFO :: wrapper :: generation number: 3 - Brain id this_instance_id-3-54 - Brain fitness 10.05 - Path: [[1, 1], (1, 2), (1, 3), (2, 3), (3, 4), (4, 4), (4, 3), (3, 3), (2, 3), (3, 4), (2, 4), (1, 4), (2, 3), (3, 4), (2, 4), (1, 4), (2, 3), (3, 4), (2, 4), (1, 4), (2, 3), (3, 4)]
INFO :: wrapper :: generation number: 3 - Brain id this_instance_id-3-55 - Brain fitness 10.05 - Path: [[1, 1], (1, 2), (1, 3), (2, 3), (3, 4), (4, 4), (4, 3), (3, 3), (2, 3), (3, 4), (2, 4), (1, 4), (2, 3), (3, 4), (2, 4), (1, 4), (2, 3), (3, 4), (2, 4), (1, 4), (2, 3), (3, 4)]
INFO :: wrapper :: generation number: 3 - Brain id this_instance_id-3-56 - Brain fitness 10.05 - Path: [[1, 1], (1, 2), (1, 3), (2, 3), (3, 4), (4, 4), (4, 3), (3, 3), (2, 3), (3, 4), (2, 4), (1, 4), (2, 3), (3, 4), (2, 4), (1, 4), (2, 3), (3, 4), (2, 4), (1, 4), (2, 3), (3, 4)]
INFO :: wrapper :: generation number: 3 - Brain id this_instance_id-3-57 - Brain fitness 10.05 - Path: [[1, 1], (1, 2), (1, 3), (2, 3), (3, 4), (4, 4), (4, 3), (3, 3), (2, 3), (3, 4), (2, 4), (1, 4), (2, 3), (3, 4), (2, 4), (1, 4), (2, 3), (3, 4), (2, 4), (1, 4), (2, 3), (3, 4)]
INFO :: wrapper :: generation number: 3 - Brain id this_instance_id-3-58 - Brain fitness 10.05 - Path: [[1, 1], (1, 2), (1, 3), (2, 3), (3, 4), (4, 4), (4, 3), (3, 3), (2, 3), (3, 4), (2, 4), (1, 4), (2, 3), (3, 4), (2, 4), (1, 4), (2, 3), (3, 4), (2, 4), (1, 4), (2, 3), (3, 4)]
INFO :: wrapper :: generation number: 3 - Brain id this_instance_id-3-59 - Brain fitness 10.05 - Path: [[1, 1], (1, 2), (1, 3), (2, 3), (3, 4), (4, 4), (4, 3), (3, 3), (2, 3), (3, 4), (2, 4), (1, 4), (2, 3), (3, 4), (2, 4), (1, 4), (2, 3), (3, 4), (2, 4), (1, 4), (2, 3), (3, 4)]
INFO :: wrapper :: generation number: 3 - Brain id this_instance_id-3-60 - Brain fitness 10.05 - Path: [[1, 1], (1, 2), (1, 3), (2, 3), (3, 4), (4, 4), (4, 3), (3, 3), (2, 3), (3, 4), (2, 4), (1, 4), (2, 3), (3, 4), (2, 4), (1, 4), (2, 3), (3, 4), (2, 4), (1, 4), (2, 3), (3, 4)]
INFO :: wrapper :: generation number: 3 - Brain id this_instance_id-3-61 - Brain fitness 10.05 - Path: [[1, 1], (1, 2), (1, 3), (2, 3), (3, 4), (4, 4), (4, 3), (3, 3), (2, 3), (3, 4), (2, 4), (1, 4), (2, 3), (3, 4), (2, 4), (1, 4), (2, 3), (3, 4), (2, 4), (1, 4), (2, 3), (3, 4)]
INFO :: wrapper :: generation number: 3 - Brain id this_instance_id-3-62 - Brain fitness 10.05 - Path: [[1, 1], (1, 2), (1, 3), (2, 3), (3, 4), (4, 4), (4, 3), (3, 3), (2, 3), (3, 4), (2, 4), (1, 4), (2, 3), (3, 4), (2, 4), (1, 4), (2, 3), (3, 4), (2, 4), (1, 4), (2, 3), (3, 4)]
INFO :: wrapper :: generation number: 3 - Brain id this_instance_id-3-63 - Brain fitness 10.05 - Path: [[1, 1], (1, 2), (1, 3), (2, 3), (3, 4), (4, 4), (4, 3), (3, 3), (2, 3), (3, 4), (2, 4), (1, 4), (2, 3), (3, 4), (2, 4), (1, 4), (2, 3), (3, 4), (2, 4), (1, 4), (2, 3), (3, 4)]
INFO :: wrapper :: generation number: 3 - Brain id this_instance_id-3-64 - Brain fitness 10.05 - Path: [[1, 1], (1, 2), (1, 3), (2, 3), (3, 4), (4, 4), (4, 3), (3, 3), (2, 3), (3, 4), (2, 4), (1, 4), (2, 3), (3, 4), (2, 4), (1, 4), (2, 3), (3, 4), (2, 4), (1, 4), (2, 3), (3, 4)]
INFO :: wrapper :: generation number: 3 - Brain id this_instance_id-3-65 - Brain fitness 10.05 - Path: [[1, 1], (1, 2), (1, 3), (2, 3), (3, 4), (4, 4), (4, 3), (3, 3), (2, 3), (3, 4), (2, 4), (1, 4), (2, 3), (3, 4), (2, 4), (1, 4), (2, 3), (3, 4), (2, 4), (1, 4), (2, 3), (3, 4)]
INFO :: wrapper :: generation number: 3 - Brain id this_instance_id-3-66 - Brain fitness 10.05 - Path: [[1, 1], (1, 2), (1, 3), (2, 3), (3, 4), (4, 4), (4, 3), (3, 3), (2, 3), (3, 4), (2, 4), (1, 4), (2, 3), (3, 4), (2, 4), (1, 4), (2, 3), (3, 4), (2, 4), (1, 4), (2, 3), (3, 4)]
INFO :: wrapper :: generation number: 3 - Brain id this_instance_id-3-67 - Brain fitness 10.05 - Path: [[1, 1], (1, 2), (1, 3), (2, 3), (3, 4), (4, 4), (4, 3), (3, 3), (2, 3), (3, 4), (2, 4), (1, 4), (2, 3), (3, 4), (2, 4), (1, 4), (2, 3), (3, 4), (2, 4), (1, 4), (2, 3), (3, 4)]
INFO :: wrapper :: generation number: 3 - Brain id this_instance_id-3-68 - Brain fitness 10.05 - Path: [[1, 1], (1, 2), (1, 3), (2, 3), (3, 4), (4, 4), (4, 3), (3, 3), (2, 3), (3, 4), (2, 4), (1, 4), (2, 3), (3, 4), (2, 4), (1, 4), (2, 3), (3, 4), (2, 4), (1, 4), (2, 3), (3, 4)]
INFO :: wrapper :: generation number: 3 - Brain id this_instance_id-3-69 - Brain fitness 10.05 - Path: [[1, 1], (1, 2), (1, 3), (2, 3), (3, 4), (4, 4), (4, 3), (3, 3), (2, 3), (3, 4), (2, 4), (1, 4), (2, 3), (3, 4), (2, 4), (1, 4), (2, 3), (3, 4), (2, 4), (1, 4), (2, 3), (3, 4)]
INFO :: wrapper :: generation number: 3 - Brain id this_instance_id-3-70 - Brain fitness 10.05 - Path: [[1, 1], (1, 2), (1, 3), (2, 3), (3, 4), (4, 4), (4, 3), (3, 3), (2, 3), (3, 4), (2, 4), (1, 4), (2, 3), (3, 4), (2, 4), (1, 4), (2, 3), (3, 4), (2, 4), (1, 4), (2, 3), (3, 4)]
INFO :: wrapper :: generation number: 3 - Brain id this_instance_id-3-71 - Brain fitness 10.05 - Path: [[1, 1], (1, 2), (1, 3), (2, 3), (3, 4), (4, 4), (4, 3), (3, 3), (2, 3), (3, 4), (2, 4), (1, 4), (2, 3), (3, 4), (2, 4), (1, 4), (2, 3), (3, 4), (2, 4), (1, 4), (2, 3), (3, 4)]
INFO :: wrapper :: generation number: 3 - Brain id this_instance_id-3-72 - Brain fitness 10.05 - Path: [[1, 1], (1, 2), (1, 3), (2, 3), (3, 4), (4, 4), (4, 3), (3, 3), (2, 3), (3, 4), (2, 4), (1, 4), (2, 3), (3, 4), (2, 4), (1, 4), (2, 3), (3, 4), (2, 4), (1, 4), (2, 3), (3, 4)]
INFO :: wrapper :: generation number: 3 - Brain id this_instance_id-3-73 - Brain fitness 10.05 - Path: [[1, 1], (1, 2), (1, 3), (2, 3), (3, 4), (4, 4), (4, 3), (3, 3), (2, 3), (3, 4), (2, 4), (1, 4), (2, 3), (3, 4), (2, 4), (1, 4), (2, 3), (3, 4), (2, 4), (1, 4), (2, 3), (3, 4)]
INFO :: wrapper :: generation number: 3 - Brain id this_instance_id-3-74 - Brain fitness 10.05 - Path: [[1, 1], (1, 2), (1, 3), (2, 3), (3, 4), (4, 4), (4, 3), (3, 3), (2, 3), (3, 4), (2, 4), (1, 4), (2, 3), (3, 4), (2, 4), (1, 4), (2, 3), (3, 4), (2, 4), (1, 4), (2, 3), (3, 4)]
INFO :: wrapper :: generation number: 3 - Brain id this_instance_id-3-75 - Brain fitness 10.05 - Path: [[1, 1], (1, 2), (1, 3), (2, 3), (3, 4), (4, 4), (4, 3), (3, 3), (2, 3), (3, 4), (2, 4), (1, 4), (2, 3), (3, 4), (2, 4), (1, 4), (2, 3), (3, 4), (2, 4), (1, 4), (2, 3), (3, 4)]
INFO :: wrapper :: generation number: 3 - Brain id this_instance_id-3-76 - Brain fitness 10.05 - Path: [[1, 1], (1, 2), (1, 3), (2, 3), (3, 4), (4, 4), (4, 3), (3, 3), (2, 3), (3, 4), (2, 4), (1, 4), (2, 3), (3, 4), (2, 4), (1, 4), (2, 3), (3, 4), (2, 4), (1, 4), (2, 3), (3, 4)]
INFO :: wrapper :: generation number: 3 - Brain id this_instance_id-3-77 - Brain fitness 10.05 - Path: [[1, 1], (1, 2), (1, 3), (2, 3), (3, 4), (4, 4), (4, 3), (3, 3), (2, 3), (3, 4), (2, 4), (1, 4), (2, 3), (3, 4), (2, 4), (1, 4), (2, 3), (3, 4), (2, 4), (1, 4), (2, 3), (3, 4)]
INFO :: wrapper :: generation number: 3 - Brain id this_instance_id-3-78 - Brain fitness 10.05 - Path: [[1, 1], (1, 2), (1, 3), (2, 3), (3, 4), (4, 4), (4, 3), (3, 3), (2, 3), (3, 4), (2, 4), (1, 4), (2, 3), (3, 4), (2, 4), (1, 4), (2, 3), (3, 4), (2, 4), (1, 4), (2, 3), (3, 4)]
INFO :: wrapper :: generation number: 3 - Brain id this_instance_id-3-79 - Brain fitness 10.05 - Path: [[1, 1], (1, 2), (1, 3), (2, 3), (3, 4), (4, 4), (4, 3), (3, 3), (2, 3), (3, 4), (2, 4), (1, 4), (2, 3), (3, 4), (2, 4), (1, 4), (2, 3), (3, 4), (2, 4), (1, 4), (2, 3), (3, 4)]
INFO :: wrapper :: generation number: 3 - Brain id this_instance_id-3-80 - Brain fitness 10.05 - Path: [[1, 1], (1, 2), (1, 3), (2, 3), (3, 4), (4, 4), (4, 3), (3, 3), (2, 3), (3, 4), (2, 4), (1, 4), (2, 3), (3, 4), (2, 4), (1, 4), (2, 3), (3, 4), (2, 4), (1, 4), (2, 3), (3, 4)]
INFO :: wrapper :: generation number: 3 - Brain id this_instance_id-3-81 - Brain fitness 10.05 - Path: [[1, 1], (1, 2), (1, 3), (2, 3), (3, 4), (4, 4), (4, 3), (3, 3), (2, 3), (3, 4), (2, 4), (1, 4), (2, 3), (3, 4), (2, 4), (1, 4), (2, 3), (3, 4), (2, 4), (1, 4), (2, 3), (3, 4)]
INFO :: wrapper :: generation number: 3 - Brain id this_instance_id-3-82 - Brain fitness 10.05 - Path: [[1, 1], (1, 2), (1, 3), (2, 3), (3, 4), (4, 4), (4, 3), (3, 3), (2, 3), (3, 4), (2, 4), (1, 4), (2, 3), (3, 4), (2, 4), (1, 4), (2, 3), (3, 4), (2, 4), (1, 4), (2, 3), (3, 4)]
INFO :: wrapper :: generation number: 3 - Brain id this_instance_id-3-83 - Brain fitness 10.05 - Path: [[1, 1], (1, 2), (1, 3), (2, 3), (3, 4), (4, 4), (4, 3), (3, 3), (2, 3), (3, 4), (2, 4), (1, 4), (2, 3), (3, 4), (2, 4), (1, 4), (2, 3), (3, 4), (2, 4), (1, 4), (2, 3), (3, 4)]
INFO :: wrapper :: generation number: 3 - Brain id this_instance_id-3-84 - Brain fitness 10.05 - Path: [[1, 1], (1, 2), (1, 3), (2, 3), (3, 4), (4, 4), (4, 3), (3, 3), (2, 3), (3, 4), (2, 4), (1, 4), (2, 3), (3, 4), (2, 4), (1, 4), (2, 3), (3, 4), (2, 4), (1, 4), (2, 3), (3, 4)]
INFO :: wrapper :: generation number: 3 - Brain id this_instance_id-3-85 - Brain fitness 10.05 - Path: [[1, 1], (1, 2), (1, 3), (2, 3), (3, 4), (4, 4), (4, 3), (3, 3), (2, 3), (3, 4), (2, 4), (1, 4), (2, 3), (3, 4), (2, 4), (1, 4), (2, 3), (3, 4), (2, 4), (1, 4), (2, 3), (3, 4)]
INFO :: wrapper :: generation number: 3 - Brain id this_instance_id-3-86 - Brain fitness 10.05 - Path: [[1, 1], (1, 2), (1, 3), (2, 3), (3, 4), (4, 4), (4, 3), (3, 3), (2, 3), (3, 4), (2, 4), (1, 4), (2, 3), (3, 4), (2, 4), (1, 4), (2, 3), (3, 4), (2, 4), (1, 4), (2, 3), (3, 4)]
INFO :: wrapper :: generation number: 3 - Brain id this_instance_id-3-87 - Brain fitness 10.05 - Path: [[1, 1], (1, 2), (1, 3), (2, 3), (3, 4), (4, 4), (4, 3), (3, 3), (2, 3), (3, 4), (2, 4), (1, 4), (2, 3), (3, 4), (2, 4), (1, 4), (2, 3), (3, 4), (2, 4), (1, 4), (2, 3), (3, 4)]
INFO :: wrapper :: generation number: 3 - Brain id this_instance_id-3-88 - Brain fitness 10.05 - Path: [[1, 1], (1, 2), (1, 3), (2, 3), (3, 4), (4, 4), (4, 3), (3, 3), (2, 3), (3, 4), (2, 4), (1, 4), (2, 3), (3, 4), (2, 4), (1, 4), (2, 3), (3, 4), (2, 4), (1, 4), (2, 3), (3, 4)]
INFO :: wrapper :: generation number: 3 - Brain id this_instance_id-3-89 - Brain fitness 10.05 - Path: [[1, 1], (1, 2), (1, 3), (2, 3), (3, 4), (4, 4), (4, 3), (3, 3), (2, 3), (3, 4), (2, 4), (1, 4), (2, 3), (3, 4), (2, 4), (1, 4), (2, 3), (3, 4), (2, 4), (1, 4), (2, 3), (3, 4)]
INFO :: wrapper :: generation number: 3 - Brain id this_instance_id-3-90 - Brain fitness 10.05 - Path: [[1, 1], (1, 2), (1, 3), (2, 3), (3, 4), (4, 4), (4, 3), (3, 3), (2, 3), (3, 4), (2, 4), (1, 4), (2, 3), (3, 4), (2, 4), (1, 4), (2, 3), (3, 4), (2, 4), (1, 4), (2, 3), (3, 4)]
INFO :: wrapper :: generation number: 3 - Brain id this_instance_id-3-91 - Brain fitness 10.05 - Path: [[1, 1], (1, 2), (1, 3), (2, 3), (3, 4), (4, 4), (4, 3), (3, 3), (2, 3), (3, 4), (2, 4), (1, 4), (2, 3), (3, 4), (2, 4), (1, 4), (2, 3), (3, 4), (2, 4), (1, 4), (2, 3), (3, 4)]
INFO :: wrapper :: generation number: 3 - Brain id this_instance_id-3-92 - Brain fitness 10.05 - Path: [[1, 1], (1, 2), (1, 3), (2, 3), (3, 4), (4, 4), (4, 3), (3, 3), (2, 3), (3, 4), (2, 4), (1, 4), (2, 3), (3, 4), (2, 4), (1, 4), (2, 3), (3, 4), (2, 4), (1, 4), (2, 3), (3, 4)]
INFO :: wrapper :: generation number: 3 - Brain id this_instance_id-3-94 - Brain fitness 10.05 - Path: [[1, 1], (1, 2), (1, 3), (2, 3), (3, 4), (4, 4), (4, 3), (3, 3), (2, 3), (3, 4), (2, 4), (1, 4), (2, 3), (3, 4), (2, 4), (1, 4), (2, 3), (3, 4), (2, 4), (1, 4), (2, 3), (3, 4)]
INFO :: wrapper :: generation number: 3 - Brain id this_instance_id-3-95 - Brain fitness 10.05 - Path: [[1, 1], (1, 2), (1, 3), (2, 3), (3, 4), (4, 4), (4, 3), (3, 3), (2, 3), (3, 4), (2, 4), (1, 4), (2, 3), (3, 4), (2, 4), (1, 4), (2, 3), (3, 4), (2, 4), (1, 4), (2, 3), (3, 4)]
INFO :: wrapper :: generation number: 3 - Brain id this_instance_id-3-96 - Brain fitness 10.05 - Path: [[1, 1], (1, 2), (1, 3), (2, 3), (3, 4), (4, 4), (4, 3), (3, 3), (2, 3), (3, 4), (2, 4), (1, 4), (2, 3), (3, 4), (2, 4), (1, 4), (2, 3), (3, 4), (2, 4), (1, 4), (2, 3), (3, 4)]
INFO :: wrapper :: generation number: 3 - Brain id this_instance_id-3-97 - Brain fitness 10.05 - Path: [[1, 1], (1, 2), (1, 3), (2, 3), (3, 4), (4, 4), (4, 3), (3, 3), (2, 3), (3, 4), (2, 4), (1, 4), (2, 3), (3, 4), (2, 4), (1, 4), (2, 3), (3, 4), (2, 4), (1, 4), (2, 3), (3, 4)]
INFO :: wrapper :: generation number: 3 - Brain id this_instance_id-3-98 - Brain fitness 10.05 - Path: [[1, 1], (1, 2), (1, 3), (2, 3), (3, 4), (4, 4), (4, 3), (3, 3), (2, 3), (3, 4), (2, 4), (1, 4), (2, 3), (3, 4), (2, 4), (1, 4), (2, 3), (3, 4), (2, 4), (1, 4), (2, 3), (3, 4)]
INFO :: wrapper :: generation number: 3 - Brain id this_instance_id-3-99 - Brain fitness 10.05 - Path: [[1, 1], (1, 2), (1, 3), (2, 3), (3, 4), (4, 4), (4, 3), (3, 3), (2, 3), (3, 4), (2, 4), (1, 4), (2, 3), (3, 4), (2, 4), (1, 4), (2, 3), (3, 4), (2, 4), (1, 4), (2, 3), (3, 4)]
INFO :: wrapper :: generation number: 3 - Brain id this_instance_id-3-100 - Brain fitness 10.05 - Path: [[1, 1], (1, 2), (1, 3), (2, 3), (3, 4), (4, 4), (4, 3), (3, 3), (2, 3), (3, 4), (2, 4), (1, 4), (2, 3), (3, 4), (2, 4), (1, 4), (2, 3), (3, 4), (2, 4), (1, 4), (2, 3), (3, 4)]
INFO :: wrapper :: generation number: 3 - Brain id this_instance_id-3-102 - Brain fitness 10.05 - Path: [[1, 1], (1, 2), (1, 3), (2, 3), (3, 4), (4, 4), (4, 3), (3, 3), (2, 3), (3, 4), (2, 4), (1, 4), (2, 3), (3, 4), (2, 4), (1, 4), (2, 3), (3, 4), (2, 4), (1, 4), (2, 3), (3, 4)]
INFO :: wrapper :: generation number: 3 - Brain id this_instance_id-3-103 - Brain fitness 10.05 - Path: [[1, 1], (1, 2), (1, 3), (2, 3), (3, 4), (4, 4), (4, 3), (3, 3), (2, 3), (3, 4), (2, 4), (1, 4), (2, 3), (3, 4), (2, 4), (1, 4), (2, 3), (3, 4), (2, 4), (1, 4), (2, 3), (3, 4)]
INFO :: wrapper :: generation number: 3 - Brain id this_instance_id-3-104 - Brain fitness 10.05 - Path: [[1, 1], (1, 2), (1, 3), (2, 3), (3, 4), (4, 4), (4, 3), (3, 3), (2, 3), (3, 4), (2, 4), (1, 4), (2, 3), (3, 4), (2, 4), (1, 4), (2, 3), (3, 4), (2, 4), (1, 4), (2, 3), (3, 4)]
INFO :: wrapper :: generation number: 3 - Brain id this_instance_id-3-105 - Brain fitness 10.05 - Path: [[1, 1], (1, 2), (1, 3), (2, 3), (3, 4), (4, 4), (4, 3), (3, 3), (2, 3), (3, 4), (2, 4), (1, 4), (2, 3), (3, 4), (2, 4), (1, 4), (2, 3), (3, 4), (2, 4), (1, 4), (2, 3), (3, 4)]
INFO :: wrapper :: generation number: 3 - Brain id this_instance_id-3-106 - Brain fitness 10.05 - Path: [[1, 1], (1, 2), (1, 3), (2, 3), (3, 4), (4, 4), (4, 3), (3, 3), (2, 3), (3, 4), (2, 4), (1, 4), (2, 3), (3, 4), (2, 4), (1, 4), (2, 3), (3, 4), (2, 4), (1, 4), (2, 3), (3, 4)]
INFO :: wrapper :: generation number: 3 - Brain id this_instance_id-3-107 - Brain fitness 10.05 - Path: [[1, 1], (1, 2), (1, 3), (2, 3), (3, 4), (4, 4), (4, 3), (3, 3), (2, 3), (3, 4), (2, 4), (1, 4), (2, 3), (3, 4), (2, 4), (1, 4), (2, 3), (3, 4), (2, 4), (1, 4), (2, 3), (3, 4)]
INFO :: wrapper :: generation number: 3 - Brain id this_instance_id-3-109 - Brain fitness 10.05 - Path: [[1, 1], (1, 2), (1, 3), (2, 3), (3, 4), (4, 4), (4, 3), (3, 3), (2, 3), (3, 4), (2, 4), (1, 4), (2, 3), (3, 4), (2, 4), (1, 4), (2, 3), (3, 4), (2, 4), (1, 4), (2, 3), (3, 4)]
INFO :: wrapper :: generation number: 3 - Brain id this_instance_id-3-110 - Brain fitness 10.05 - Path: [[1, 1], (1, 2), (1, 3), (2, 3), (3, 4), (4, 4), (4, 3), (3, 3), (2, 3), (3, 4), (2, 4), (1, 4), (2, 3), (3, 4), (2, 4), (1, 4), (2, 3), (3, 4), (2, 4), (1, 4), (2, 3), (3, 4)]
INFO :: wrapper :: generation number: 3 - Brain id this_instance_id-3-111 - Brain fitness 10.05 - Path: [[1, 1], (1, 2), (1, 3), (2, 3), (3, 4), (4, 4), (4, 3), (3, 3), (2, 3), (3, 4), (2, 4), (1, 4), (2, 3), (3, 4), (2, 4), (1, 4), (2, 3), (3, 4), (2, 4), (1, 4), (2, 3), (3, 4)]
INFO :: wrapper :: generation number: 3 - Brain id this_instance_id-3-112 - Brain fitness 10.05 - Path: [[1, 1], (1, 2), (1, 3), (2, 3), (3, 4), (4, 4), (4, 3), (3, 3), (2, 3), (3, 4), (2, 4), (1, 4), (2, 3), (3, 4), (2, 4), (1, 4), (2, 3), (3, 4), (2, 4), (1, 4), (2, 3), (3, 4)]
INFO :: wrapper :: generation number: 3 - Brain id this_instance_id-3-113 - Brain fitness 10.05 - Path: [[1, 1], (1, 2), (1, 3), (2, 3), (3, 4), (4, 4), (4, 3), (3, 3), (2, 3), (3, 4), (2, 4), (1, 4), (2, 3), (3, 4), (2, 4), (1, 4), (2, 3), (3, 4), (2, 4), (1, 4), (2, 3), (3, 4)]
INFO :: wrapper :: generation number: 3 - Brain id this_instance_id-3-114 - Brain fitness 10.05 - Path: [[1, 1], (1, 2), (1, 3), (2, 3), (3, 4), (4, 4), (4, 3), (3, 3), (2, 3), (3, 4), (2, 4), (1, 4), (2, 3), (3, 4), (2, 4), (1, 4), (2, 3), (3, 4), (2, 4), (1, 4), (2, 3), (3, 4)]
INFO :: wrapper :: generation number: 3 - Brain id this_instance_id-3-115 - Brain fitness 10.05 - Path: [[1, 1], (1, 2), (1, 3), (2, 3), (3, 4), (4, 4), (4, 3), (3, 3), (2, 3), (3, 4), (2, 4), (1, 4), (2, 3), (3, 4), (2, 4), (1, 4), (2, 3), (3, 4), (2, 4), (1, 4), (2, 3), (3, 4)]
INFO :: wrapper :: generation number: 3 - Brain id this_instance_id-3-116 - Brain fitness 10.05 - Path: [[1, 1], (1, 2), (1, 3), (2, 3), (3, 4), (4, 4), (4, 3), (3, 3), (2, 3), (3, 4), (2, 4), (1, 4), (2, 3), (3, 4), (2, 4), (1, 4), (2, 3), (3, 4), (2, 4), (1, 4), (2, 3), (3, 4)]
INFO :: wrapper :: generation number: 3 - Brain id this_instance_id-3-117 - Brain fitness 10.05 - Path: [[1, 1], (1, 2), (1, 3), (2, 3), (3, 4), (4, 4), (4, 3), (3, 3), (2, 3), (3, 4), (2, 4), (1, 4), (2, 3), (3, 4), (2, 4), (1, 4), (2, 3), (3, 4), (2, 4), (1, 4), (2, 3), (3, 4)]
INFO :: wrapper :: generation number: 3 - Brain id this_instance_id-3-118 - Brain fitness 10.05 - Path: [[1, 1], (1, 2), (1, 3), (2, 3), (3, 4), (4, 4), (4, 3), (3, 3), (2, 3), (3, 4), (2, 4), (1, 4), (2, 3), (3, 4), (2, 4), (1, 4), (2, 3), (3, 4), (2, 4), (1, 4), (2, 3), (3, 4)]
INFO :: wrapper :: generation number: 3 - Brain id this_instance_id-3-119 - Brain fitness 10.05 - Path: [[1, 1], (1, 2), (1, 3), (2, 3), (3, 4), (4, 4), (4, 3), (3, 3), (2, 3), (3, 4), (2, 4), (1, 4), (2, 3), (3, 4), (2, 4), (1, 4), (2, 3), (3, 4), (2, 4), (1, 4), (2, 3), (3, 4)]
INFO :: wrapper :: generation number: 3 - Brain id this_instance_id-3-120 - Brain fitness 10.05 - Path: [[1, 1], (1, 2), (1, 3), (2, 3), (3, 4), (4, 4), (4, 3), (3, 3), (2, 3), (3, 4), (2, 4), (1, 4), (2, 3), (3, 4), (2, 4), (1, 4), (2, 3), (3, 4), (2, 4), (1, 4), (2, 3), (3, 4)]
INFO :: wrapper :: generation number: 3 - Brain id this_instance_id-3-121 - Brain fitness 10.05 - Path: [[1, 1], (1, 2), (1, 3), (2, 3), (3, 4), (4, 4), (4, 3), (3, 3), (2, 3), (3, 4), (2, 4), (1, 4), (2, 3), (3, 4), (2, 4), (1, 4), (2, 3), (3, 4), (2, 4), (1, 4), (2, 3), (3, 4)]
INFO :: wrapper :: generation number: 3 - Brain id this_instance_id-3-122 - Brain fitness 10.05 - Path: [[1, 1], (1, 2), (1, 3), (2, 3), (3, 4), (4, 4), (4, 3), (3, 3), (2, 3), (3, 4), (2, 4), (1, 4), (2, 3), (3, 4), (2, 4), (1, 4), (2, 3), (3, 4), (2, 4), (1, 4), (2, 3), (3, 4)]
INFO :: wrapper :: generation number: 3 - Brain id this_instance_id-3-123 - Brain fitness 10.05 - Path: [[1, 1], (1, 2), (1, 3), (2, 3), (3, 4), (4, 4), (4, 3), (3, 3), (2, 3), (3, 4), (2, 4), (1, 4), (2, 3), (3, 4), (2, 4), (1, 4), (2, 3), (3, 4), (2, 4), (1, 4), (2, 3), (3, 4)]
INFO :: wrapper :: generation number: 3 - Brain id this_instance_id-3-124 - Brain fitness 10.05 - Path: [[1, 1], (1, 2), (1, 3), (2, 3), (3, 4), (4, 4), (4, 3), (3, 3), (2, 3), (3, 4), (2, 4), (1, 4), (2, 3), (3, 4), (2, 4), (1, 4), (2, 3), (3, 4), (2, 4), (1, 4), (2, 3), (3, 4)]
INFO :: wrapper :: generation number: 3 - Brain id this_instance_id-3-125 - Brain fitness 10.05 - Path: [[1, 1], (1, 2), (1, 3), (2, 3), (3, 4), (4, 4), (4, 3), (3, 3), (2, 3), (3, 4), (2, 4), (1, 4), (2, 3), (3, 4), (2, 4), (1, 4), (2, 3), (3, 4), (2, 4), (1, 4), (2, 3), (3, 4)]
INFO :: wrapper :: generation number: 3 - Brain id this_instance_id-3-126 - Brain fitness 10.05 - Path: [[1, 1], (1, 2), (1, 3), (2, 3), (3, 4), (4, 4), (4, 3), (3, 3), (2, 3), (3, 4), (2, 4), (1, 4), (2, 3), (3, 4), (2, 4), (1, 4), (2, 3), (3, 4), (2, 4), (1, 4), (2, 3), (3, 4)]
INFO :: wrapper :: generation number: 3 - Brain id this_instance_id-3-127 - Brain fitness 10.05 - Path: [[1, 1], (1, 2), (1, 3), (2, 3), (3, 4), (4, 4), (4, 3), (3, 3), (2, 3), (3, 4), (2, 4), (1, 4), (2, 3), (3, 4), (2, 4), (1, 4), (2, 3), (3, 4), (2, 4), (1, 4), (2, 3), (3, 4)]
INFO :: wrapper :: generation number: 3 - Brain id this_instance_id-3-128 - Brain fitness 10.05 - Path: [[1, 1], (1, 2), (1, 3), (2, 3), (3, 4), (4, 4), (4, 3), (3, 3), (2, 3), (3, 4), (2, 4), (1, 4), (2, 3), (3, 4), (2, 4), (1, 4), (2, 3), (3, 4), (2, 4), (1, 4), (2, 3), (3, 4)]
INFO :: wrapper :: generation number: 3 - Brain id this_instance_id-3-129 - Brain fitness 10.05 - Path: [[1, 1], (1, 2), (1, 3), (2, 3), (3, 4), (4, 4), (4, 3), (3, 3), (2, 3), (3, 4), (2, 4), (1, 4), (2, 3), (3, 4), (2, 4), (1, 4), (2, 3), (3, 4), (2, 4), (1, 4), (2, 3), (3, 4)]
INFO :: wrapper :: generation number: 3 - Brain id this_instance_id-3-130 - Brain fitness 10.05 - Path: [[1, 1], (1, 2), (1, 3), (2, 3), (3, 4), (4, 4), (4, 3), (3, 3), (2, 3), (3, 4), (2, 4), (1, 4), (2, 3), (3, 4), (2, 4), (1, 4), (2, 3), (3, 4), (2, 4), (1, 4), (2, 3), (3, 4)]
INFO :: wrapper :: generation number: 3 - Brain id this_instance_id-3-131 - Brain fitness 10.05 - Path: [[1, 1], (1, 2), (1, 3), (2, 3), (3, 4), (4, 4), (4, 3), (3, 3), (2, 3), (3, 4), (2, 4), (1, 4), (2, 3), (3, 4), (2, 4), (1, 4), (2, 3), (3, 4), (2, 4), (1, 4), (2, 3), (3, 4)]
INFO :: wrapper :: generation number: 3 - Brain id this_instance_id-3-132 - Brain fitness 10.05 - Path: [[1, 1], (1, 2), (1, 3), (2, 3), (3, 4), (4, 4), (4, 3), (3, 3), (2, 3), (3, 4), (2, 4), (1, 4), (2, 3), (3, 4), (2, 4), (1, 4), (2, 3), (3, 4), (2, 4), (1, 4), (2, 3), (3, 4)]
INFO :: wrapper :: generation number: 3 - Brain id this_instance_id-3-133 - Brain fitness 10.05 - Path: [[1, 1], (1, 2), (1, 3), (2, 3), (3, 4), (4, 4), (4, 3), (3, 3), (2, 3), (3, 4), (2, 4), (1, 4), (2, 3), (3, 4), (2, 4), (1, 4), (2, 3), (3, 4), (2, 4), (1, 4), (2, 3), (3, 4)]
INFO :: wrapper :: generation number: 3 - Brain id this_instance_id-3-134 - Brain fitness 10.05 - Path: [[1, 1], (1, 2), (1, 3), (2, 3), (3, 4), (4, 4), (4, 3), (3, 3), (2, 3), (3, 4), (2, 4), (1, 4), (2, 3), (3, 4), (2, 4), (1, 4), (2, 3), (3, 4), (2, 4), (1, 4), (2, 3), (3, 4)]
INFO :: wrapper :: generation number: 3 - Brain id this_instance_id-3-135 - Brain fitness 10.05 - Path: [[1, 1], (1, 2), (1, 3), (2, 3), (3, 4), (4, 4), (4, 3), (3, 3), (2, 3), (3, 4), (2, 4), (1, 4), (2, 3), (3, 4), (2, 4), (1, 4), (2, 3), (3, 4), (2, 4), (1, 4), (2, 3), (3, 4)]
INFO :: wrapper :: generation number: 3 - Brain id this_instance_id-3-136 - Brain fitness 10.05 - Path: [[1, 1], (1, 2), (1, 3), (2, 3), (3, 4), (4, 4), (4, 3), (3, 3), (2, 3), (3, 4), (2, 4), (1, 4), (2, 3), (3, 4), (2, 4), (1, 4), (2, 3), (3, 4), (2, 4), (1, 4), (2, 3), (3, 4)]
INFO :: wrapper :: generation number: 3 - Brain id this_instance_id-3-137 - Brain fitness 10.05 - Path: [[1, 1], (1, 2), (1, 3), (2, 3), (3, 4), (4, 4), (4, 3), (3, 3), (2, 3), (3, 4), (2, 4), (1, 4), (2, 3), (3, 4), (2, 4), (1, 4), (2, 3), (3, 4), (2, 4), (1, 4), (2, 3), (3, 4)]
INFO :: wrapper :: generation number: 3 - Brain id this_instance_id-3-138 - Brain fitness 10.05 - Path: [[1, 1], (1, 2), (1, 3), (2, 3), (3, 4), (4, 4), (4, 3), (3, 3), (2, 3), (3, 4), (2, 4), (1, 4), (2, 3), (3, 4), (2, 4), (1, 4), (2, 3), (3, 4), (2, 4), (1, 4), (2, 3), (3, 4)]
INFO :: wrapper :: generation number: 3 - Brain id this_instance_id-3-139 - Brain fitness 10.05 - Path: [[1, 1], (1, 2), (1, 3), (2, 3), (3, 4), (4, 4), (4, 3), (3, 3), (2, 3), (3, 4), (2, 4), (1, 4), (2, 3), (3, 4), (2, 4), (1, 4), (2, 3), (3, 4), (2, 4), (1, 4), (2, 3), (3, 4)]
INFO :: wrapper :: generation number: 3 - Brain id this_instance_id-3-140 - Brain fitness 10.05 - Path: [[1, 1], (1, 2), (1, 3), (2, 3), (3, 4), (4, 4), (4, 3), (3, 3), (2, 3), (3, 4), (2, 4), (1, 4), (2, 3), (3, 4), (2, 4), (1, 4), (2, 3), (3, 4), (2, 4), (1, 4), (2, 3), (3, 4)]
INFO :: wrapper :: generation number: 3 - Brain id this_instance_id-3-141 - Brain fitness 10.05 - Path: [[1, 1], (1, 2), (1, 3), (2, 3), (3, 4), (4, 4), (4, 3), (3, 3), (2, 3), (3, 4), (2, 4), (1, 4), (2, 3), (3, 4), (2, 4), (1, 4), (2, 3), (3, 4), (2, 4), (1, 4), (2, 3), (3, 4)]
INFO :: wrapper :: generation number: 3 - Brain id this_instance_id-3-142 - Brain fitness 10.05 - Path: [[1, 1], (1, 2), (1, 3), (2, 3), (3, 4), (4, 4), (4, 3), (3, 3), (2, 3), (3, 4), (2, 4), (1, 4), (2, 3), (3, 4), (2, 4), (1, 4), (2, 3), (3, 4), (2, 4), (1, 4), (2, 3), (3, 4)]
INFO :: wrapper :: generation number: 3 - Brain id this_instance_id-3-143 - Brain fitness 10.05 - Path: [[1, 1], (1, 2), (1, 3), (2, 3), (3, 4), (4, 4), (4, 3), (3, 3), (2, 3), (3, 4), (2, 4), (1, 4), (2, 3), (3, 4), (2, 4), (1, 4), (2, 3), (3, 4), (2, 4), (1, 4), (2, 3), (3, 4)]
INFO :: wrapper :: generation number: 3 - Brain id this_instance_id-3-144 - Brain fitness 10.05 - Path: [[1, 1], (1, 2), (1, 3), (2, 3), (3, 4), (4, 4), (4, 3), (3, 3), (2, 3), (3, 4), (2, 4), (1, 4), (2, 3), (3, 4), (2, 4), (1, 4), (2, 3), (3, 4), (2, 4), (1, 4), (2, 3), (3, 4)]
INFO :: wrapper :: generation number: 3 - Brain id this_instance_id-3-145 - Brain fitness 10.05 - Path: [[1, 1], (1, 2), (1, 3), (2, 3), (3, 4), (4, 4), (4, 3), (3, 3), (2, 3), (3, 4), (2, 4), (1, 4), (2, 3), (3, 4), (2, 4), (1, 4), (2, 3), (3, 4), (2, 4), (1, 4), (2, 3), (3, 4)]
INFO :: wrapper :: generation number: 3 - Brain id this_instance_id-3-146 - Brain fitness 10.05 - Path: [[1, 1], (1, 2), (1, 3), (2, 3), (3, 4), (4, 4), (4, 3), (3, 3), (2, 3), (3, 4), (2, 4), (1, 4), (2, 3), (3, 4), (2, 4), (1, 4), (2, 3), (3, 4), (2, 4), (1, 4), (2, 3), (3, 4)]
INFO :: wrapper :: generation number: 3 - Brain id this_instance_id-3-147 - Brain fitness 10.05 - Path: [[1, 1], (1, 2), (1, 3), (2, 3), (3, 4), (4, 4), (4, 3), (3, 3), (2, 3), (3, 4), (2, 4), (1, 4), (2, 3), (3, 4), (2, 4), (1, 4), (2, 3), (3, 4), (2, 4), (1, 4), (2, 3), (3, 4)]
INFO :: wrapper :: generation number: 3 - Brain id this_instance_id-3-148 - Brain fitness 10.05 - Path: [[1, 1], (1, 2), (1, 3), (2, 3), (3, 4), (4, 4), (4, 3), (3, 3), (2, 3), (3, 4), (2, 4), (1, 4), (2, 3), (3, 4), (2, 4), (1, 4), (2, 3), (3, 4), (2, 4), (1, 4), (2, 3), (3, 4)]
INFO :: wrapper :: generation number: 3 - Brain id this_instance_id-3-149 - Brain fitness 10.05 - Path: [[1, 1], (1, 2), (1, 3), (2, 3), (3, 4), (4, 4), (4, 3), (3, 3), (2, 3), (3, 4), (2, 4), (1, 4), (2, 3), (3, 4), (2, 4), (1, 4), (2, 3), (3, 4), (2, 4), (1, 4), (2, 3), (3, 4)]
INFO :: wrapper :: generation number: 3 - Brain id this_instance_id-3-150 - Brain fitness 10.05 - Path: [[1, 1], (1, 2), (1, 3), (2, 3), (3, 4), (4, 4), (4, 3), (3, 3), (2, 3), (3, 4), (2, 4), (1, 4), (2, 3), (3, 4), (2, 4), (1, 4), (2, 3), (3, 4), (2, 4), (1, 4), (2, 3), (3, 4)]
INFO :: wrapper :: generation number: 3 - Brain id this_instance_id-3-152 - Brain fitness 10.05 - Path: [[1, 1], (1, 2), (1, 3), (2, 3), (3, 4), (4, 4), (4, 3), (3, 3), (2, 3), (3, 4), (2, 4), (1, 4), (2, 3), (3, 4), (2, 4), (1, 4), (2, 3), (3, 4), (2, 4), (1, 4), (2, 3), (3, 4)]
INFO :: wrapper :: generation number: 3 - Brain id this_instance_id-3-154 - Brain fitness 10.05 - Path: [[1, 1], (1, 2), (1, 3), (2, 3), (3, 4), (4, 4), (4, 3), (3, 3), (2, 3), (3, 4), (2, 4), (1, 4), (2, 3), (3, 4), (2, 4), (1, 4), (2, 3), (3, 4), (2, 4), (1, 4), (2, 3), (3, 4)]
INFO :: wrapper :: generation number: 3 - Brain id this_instance_id-3-155 - Brain fitness 10.05 - Path: [[1, 1], (1, 2), (1, 3), (2, 3), (3, 4), (4, 4), (4, 3), (3, 3), (2, 3), (3, 4), (2, 4), (1, 4), (2, 3), (3, 4), (2, 4), (1, 4), (2, 3), (3, 4), (2, 4), (1, 4), (2, 3), (3, 4)]
INFO :: wrapper :: generation number: 3 - Brain id this_instance_id-3-156 - Brain fitness 10.05 - Path: [[1, 1], (1, 2), (1, 3), (2, 3), (3, 4), (4, 4), (4, 3), (3, 3), (2, 3), (3, 4), (2, 4), (1, 4), (2, 3), (3, 4), (2, 4), (1, 4), (2, 3), (3, 4), (2, 4), (1, 4), (2, 3), (3, 4)]
INFO :: wrapper :: generation number: 3 - Brain id this_instance_id-3-157 - Brain fitness 10.05 - Path: [[1, 1], (1, 2), (1, 3), (2, 3), (3, 4), (4, 4), (4, 3), (3, 3), (2, 3), (3, 4), (2, 4), (1, 4), (2, 3), (3, 4), (2, 4), (1, 4), (2, 3), (3, 4), (2, 4), (1, 4), (2, 3), (3, 4)]
INFO :: wrapper :: generation number: 3 - Brain id this_instance_id-3-158 - Brain fitness 10.05 - Path: [[1, 1], (1, 2), (1, 3), (2, 3), (3, 4), (4, 4), (4, 3), (3, 3), (2, 3), (3, 4), (2, 4), (1, 4), (2, 3), (3, 4), (2, 4), (1, 4), (2, 3), (3, 4), (2, 4), (1, 4), (2, 3), (3, 4)]
INFO :: wrapper :: generation number: 3 - Brain id this_instance_id-3-159 - Brain fitness 10.05 - Path: [[1, 1], (1, 2), (1, 3), (2, 3), (3, 4), (4, 4), (4, 3), (3, 3), (2, 3), (3, 4), (2, 4), (1, 4), (2, 3), (3, 4), (2, 4), (1, 4), (2, 3), (3, 4), (2, 4), (1, 4), (2, 3), (3, 4)]
INFO :: wrapper :: generation number: 3 - Brain id this_instance_id-3-160 - Brain fitness 10.05 - Path: [[1, 1], (1, 2), (1, 3), (2, 3), (3, 4), (4, 4), (4, 3), (3, 3), (2, 3), (3, 4), (2, 4), (1, 4), (2, 3), (3, 4), (2, 4), (1, 4), (2, 3), (3, 4), (2, 4), (1, 4), (2, 3), (3, 4)]
INFO :: wrapper :: generation number: 3 - Brain id this_instance_id-3-161 - Brain fitness 10.05 - Path: [[1, 1], (1, 2), (1, 3), (2, 3), (3, 4), (4, 4), (4, 3), (3, 3), (2, 3), (3, 4), (2, 4), (1, 4), (2, 3), (3, 4), (2, 4), (1, 4), (2, 3), (3, 4), (2, 4), (1, 4), (2, 3), (3, 4)]
INFO :: wrapper :: generation number: 3 - Brain id this_instance_id-3-163 - Brain fitness 10.05 - Path: [[1, 1], (1, 2), (1, 3), (2, 3), (3, 4), (4, 4), (4, 3), (3, 3), (2, 3), (3, 4), (2, 4), (1, 4), (2, 3), (3, 4), (2, 4), (1, 4), (2, 3), (3, 4), (2, 4), (1, 4), (2, 3), (3, 4)]
INFO :: wrapper :: generation number: 3 - Brain id this_instance_id-3-164 - Brain fitness 10.05 - Path: [[1, 1], (1, 2), (1, 3), (2, 3), (3, 4), (4, 4), (4, 3), (3, 3), (2, 3), (3, 4), (2, 4), (1, 4), (2, 3), (3, 4), (2, 4), (1, 4), (2, 3), (3, 4), (2, 4), (1, 4), (2, 3), (3, 4)]
INFO :: wrapper :: generation number: 3 - Brain id this_instance_id-3-165 - Brain fitness 10.05 - Path: [[1, 1], (1, 2), (1, 3), (2, 3), (3, 4), (4, 4), (4, 3), (3, 3), (2, 3), (3, 4), (2, 4), (1, 4), (2, 3), (3, 4), (2, 4), (1, 4), (2, 3), (3, 4), (2, 4), (1, 4), (2, 3), (3, 4)]
INFO :: wrapper :: generation number: 3 - Brain id this_instance_id-3-166 - Brain fitness 10.05 - Path: [[1, 1], (1, 2), (1, 3), (2, 3), (3, 4), (4, 4), (4, 3), (3, 3), (2, 3), (3, 4), (2, 4), (1, 4), (2, 3), (3, 4), (2, 4), (1, 4), (2, 3), (3, 4), (2, 4), (1, 4), (2, 3), (3, 4)]
INFO :: wrapper :: generation number: 3 - Brain id this_instance_id-3-167 - Brain fitness 10.05 - Path: [[1, 1], (1, 2), (1, 3), (2, 3), (3, 4), (4, 4), (4, 3), (3, 3), (2, 3), (3, 4), (2, 4), (1, 4), (2, 3), (3, 4), (2, 4), (1, 4), (2, 3), (3, 4), (2, 4), (1, 4), (2, 3), (3, 4)]
INFO :: wrapper :: generation number: 3 - Brain id this_instance_id-3-169 - Brain fitness 10.05 - Path: [[1, 1], (1, 2), (1, 3), (2, 3), (3, 4), (4, 4), (4, 3), (3, 3), (2, 3), (3, 4), (2, 4), (1, 4), (2, 3), (3, 4), (2, 4), (1, 4), (2, 3), (3, 4), (2, 4), (1, 4), (2, 3), (3, 4)]
INFO :: wrapper :: generation number: 3 - Brain id this_instance_id-3-170 - Brain fitness 10.05 - Path: [[1, 1], (1, 2), (1, 3), (2, 3), (3, 4), (4, 4), (4, 3), (3, 3), (2, 3), (3, 4), (2, 4), (1, 4), (2, 3), (3, 4), (2, 4), (1, 4), (2, 3), (3, 4), (2, 4), (1, 4), (2, 3), (3, 4)]
INFO :: wrapper :: generation number: 3 - Brain id this_instance_id-3-172 - Brain fitness 10.05 - Path: [[1, 1], (1, 2), (1, 3), (2, 3), (3, 4), (4, 4), (4, 3), (3, 3), (2, 3), (3, 4), (2, 4), (1, 4), (2, 3), (3, 4), (2, 4), (1, 4), (2, 3), (3, 4), (2, 4), (1, 4), (2, 3), (3, 4)]
INFO :: wrapper :: generation number: 3 - Brain id this_instance_id-3-173 - Brain fitness 10.05 - Path: [[1, 1], (1, 2), (1, 3), (2, 3), (3, 4), (4, 4), (4, 3), (3, 3), (2, 3), (3, 4), (2, 4), (1, 4), (2, 3), (3, 4), (2, 4), (1, 4), (2, 3), (3, 4), (2, 4), (1, 4), (2, 3), (3, 4)]
INFO :: wrapper :: generation number: 3 - Brain id this_instance_id-3-174 - Brain fitness 10.05 - Path: [[1, 1], (1, 2), (1, 3), (2, 3), (3, 4), (4, 4), (4, 3), (3, 3), (2, 3), (3, 4), (2, 4), (1, 4), (2, 3), (3, 4), (2, 4), (1, 4), (2, 3), (3, 4), (2, 4), (1, 4), (2, 3), (3, 4)]
INFO :: wrapper :: generation number: 3 - Brain id this_instance_id-3-175 - Brain fitness 10.05 - Path: [[1, 1], (1, 2), (1, 3), (2, 3), (3, 4), (4, 4), (4, 3), (3, 3), (2, 3), (3, 4), (2, 4), (1, 4), (2, 3), (3, 4), (2, 4), (1, 4), (2, 3), (3, 4), (2, 4), (1, 4), (2, 3), (3, 4)]
INFO :: wrapper :: generation number: 3 - Brain id this_instance_id-3-176 - Brain fitness 10.05 - Path: [[1, 1], (1, 2), (1, 3), (2, 3), (3, 4), (4, 4), (4, 3), (3, 3), (2, 3), (3, 4), (2, 4), (1, 4), (2, 3), (3, 4), (2, 4), (1, 4), (2, 3), (3, 4), (2, 4), (1, 4), (2, 3), (3, 4)]
INFO :: wrapper :: generation number: 3 - Brain id this_instance_id-3-177 - Brain fitness 10.05 - Path: [[1, 1], (1, 2), (1, 3), (2, 3), (3, 4), (4, 4), (4, 3), (3, 3), (2, 3), (3, 4), (2, 4), (1, 4), (2, 3), (3, 4), (2, 4), (1, 4), (2, 3), (3, 4), (2, 4), (1, 4), (2, 3), (3, 4)]
INFO :: wrapper :: generation number: 3 - Brain id this_instance_id-3-178 - Brain fitness 10.05 - Path: [[1, 1], (1, 2), (1, 3), (2, 3), (3, 4), (4, 4), (4, 3), (3, 3), (2, 3), (3, 4), (2, 4), (1, 4), (2, 3), (3, 4), (2, 4), (1, 4), (2, 3), (3, 4), (2, 4), (1, 4), (2, 3), (3, 4)]
INFO :: wrapper :: generation number: 3 - Brain id this_instance_id-3-179 - Brain fitness 10.05 - Path: [[1, 1], (1, 2), (1, 3), (2, 3), (3, 4), (4, 4), (4, 3), (3, 3), (2, 3), (3, 4), (2, 4), (1, 4), (2, 3), (3, 4), (2, 4), (1, 4), (2, 3), (3, 4), (2, 4), (1, 4), (2, 3), (3, 4)]
INFO :: wrapper :: generation number: 3 - Brain id this_instance_id-3-180 - Brain fitness 10.05 - Path: [[1, 1], (1, 2), (1, 3), (2, 3), (3, 4), (4, 4), (4, 3), (3, 3), (2, 3), (3, 4), (2, 4), (1, 4), (2, 3), (3, 4), (2, 4), (1, 4), (2, 3), (3, 4), (2, 4), (1, 4), (2, 3), (3, 4)]
INFO :: wrapper :: generation number: 3 - Brain id this_instance_id-3-181 - Brain fitness 10.05 - Path: [[1, 1], (1, 2), (1, 3), (2, 3), (3, 4), (4, 4), (4, 3), (3, 3), (2, 3), (3, 4), (2, 4), (1, 4), (2, 3), (3, 4), (2, 4), (1, 4), (2, 3), (3, 4), (2, 4), (1, 4), (2, 3), (3, 4)]
INFO :: wrapper :: generation number: 3 - Brain id this_instance_id-3-182 - Brain fitness 10.05 - Path: [[1, 1], (1, 2), (1, 3), (2, 3), (3, 4), (4, 4), (4, 3), (3, 3), (2, 3), (3, 4), (2, 4), (1, 4), (2, 3), (3, 4), (2, 4), (1, 4), (2, 3), (3, 4), (2, 4), (1, 4), (2, 3), (3, 4)]
INFO :: wrapper :: generation number: 3 - Brain id this_instance_id-3-183 - Brain fitness 10.05 - Path: [[1, 1], (1, 2), (1, 3), (2, 3), (3, 4), (4, 4), (4, 3), (3, 3), (2, 3), (3, 4), (2, 4), (1, 4), (2, 3), (3, 4), (2, 4), (1, 4), (2, 3), (3, 4), (2, 4), (1, 4), (2, 3), (3, 4)]
INFO :: wrapper :: generation number: 3 - Brain id this_instance_id-3-184 - Brain fitness 10.05 - Path: [[1, 1], (1, 2), (1, 3), (2, 3), (3, 4), (4, 4), (4, 3), (3, 3), (2, 3), (3, 4), (2, 4), (1, 4), (2, 3), (3, 4), (2, 4), (1, 4), (2, 3), (3, 4), (2, 4), (1, 4), (2, 3), (3, 4)]
INFO :: wrapper :: generation number: 3 - Brain id this_instance_id-3-185 - Brain fitness 10.05 - Path: [[1, 1], (1, 2), (1, 3), (2, 3), (3, 4), (4, 4), (4, 3), (3, 3), (2, 3), (3, 4), (2, 4), (1, 4), (2, 3), (3, 4), (2, 4), (1, 4), (2, 3), (3, 4), (2, 4), (1, 4), (2, 3), (3, 4)]
INFO :: wrapper :: generation number: 3 - Brain id this_instance_id-3-186 - Brain fitness 10.05 - Path: [[1, 1], (1, 2), (1, 3), (2, 3), (3, 4), (4, 4), (4, 3), (3, 3), (2, 3), (3, 4), (2, 4), (1, 4), (2, 3), (3, 4), (2, 4), (1, 4), (2, 3), (3, 4), (2, 4), (1, 4), (2, 3), (3, 4)]
INFO :: wrapper :: generation number: 3 - Brain id this_instance_id-3-188 - Brain fitness 10.05 - Path: [[1, 1], (1, 2), (1, 3), (2, 3), (3, 4), (4, 4), (4, 3), (3, 3), (2, 3), (3, 4), (2, 4), (1, 4), (2, 3), (3, 4), (2, 4), (1, 4), (2, 3), (3, 4), (2, 4), (1, 4), (2, 3), (3, 4)]
INFO :: wrapper :: generation number: 3 - Brain id this_instance_id-3-189 - Brain fitness 10.05 - Path: [[1, 1], (1, 2), (1, 3), (2, 3), (3, 4), (4, 4), (4, 3), (3, 3), (2, 3), (3, 4), (2, 4), (1, 4), (2, 3), (3, 4), (2, 4), (1, 4), (2, 3), (3, 4), (2, 4), (1, 4), (2, 3), (3, 4)]
INFO :: wrapper :: generation number: 3 - Brain id this_instance_id-3-190 - Brain fitness 10.05 - Path: [[1, 1], (1, 2), (1, 3), (2, 3), (3, 4), (4, 4), (4, 3), (3, 3), (2, 3), (3, 4), (2, 4), (1, 4), (2, 3), (3, 4), (2, 4), (1, 4), (2, 3), (3, 4), (2, 4), (1, 4), (2, 3), (3, 4)]
INFO :: wrapper :: generation number: 3 - Brain id this_instance_id-3-191 - Brain fitness 10.05 - Path: [[1, 1], (1, 2), (1, 3), (2, 3), (3, 4), (4, 4), (4, 3), (3, 3), (2, 3), (3, 4), (2, 4), (1, 4), (2, 3), (3, 4), (2, 4), (1, 4), (2, 3), (3, 4), (2, 4), (1, 4), (2, 3), (3, 4)]
INFO :: wrapper :: generation number: 3 - Brain id this_instance_id-3-192 - Brain fitness 10.05 - Path: [[1, 1], (1, 2), (1, 3), (2, 3), (3, 4), (4, 4), (4, 3), (3, 3), (2, 3), (3, 4), (2, 4), (1, 4), (2, 3), (3, 4), (2, 4), (1, 4), (2, 3), (3, 4), (2, 4), (1, 4), (2, 3), (3, 4)]
INFO :: wrapper :: generation number: 3 - Brain id this_instance_id-3-193 - Brain fitness 10.05 - Path: [[1, 1], (1, 2), (1, 3), (2, 3), (3, 4), (4, 4), (4, 3), (3, 3), (2, 3), (3, 4), (2, 4), (1, 4), (2, 3), (3, 4), (2, 4), (1, 4), (2, 3), (3, 4), (2, 4), (1, 4), (2, 3), (3, 4)]
INFO :: wrapper :: generation number: 3 - Brain id this_instance_id-3-194 - Brain fitness 10.05 - Path: [[1, 1], (1, 2), (1, 3), (2, 3), (3, 4), (4, 4), (4, 3), (3, 3), (2, 3), (3, 4), (2, 4), (1, 4), (2, 3), (3, 4), (2, 4), (1, 4), (2, 3), (3, 4), (2, 4), (1, 4), (2, 3), (3, 4)]
INFO :: wrapper :: generation number: 3 - Brain id this_instance_id-3-195 - Brain fitness 10.05 - Path: [[1, 1], (1, 2), (1, 3), (2, 3), (3, 4), (4, 4), (4, 3), (3, 3), (2, 3), (3, 4), (2, 4), (1, 4), (2, 3), (3, 4), (2, 4), (1, 4), (2, 3), (3, 4), (2, 4), (1, 4), (2, 3), (3, 4)]
INFO :: wrapper :: generation number: 3 - Brain id this_instance_id-3-197 - Brain fitness 10.05 - Path: [[1, 1], (1, 2), (1, 3), (2, 3), (3, 4), (4, 4), (4, 3), (3, 3), (2, 3), (3, 4), (2, 4), (1, 4), (2, 3), (3, 4), (2, 4), (1, 4), (2, 3), (3, 4), (2, 4), (1, 4), (2, 3), (3, 4)]
INFO :: wrapper :: generation number: 3 - Brain id this_instance_id-3-198 - Brain fitness 10.05 - Path: [[1, 1], (1, 2), (1, 3), (2, 3), (3, 4), (4, 4), (4, 3), (3, 3), (2, 3), (3, 4), (2, 4), (1, 4), (2, 3), (3, 4), (2, 4), (1, 4), (2, 3), (3, 4), (2, 4), (1, 4), (2, 3), (3, 4)]
INFO :: wrapper :: generation number: 3 - Brain id this_instance_id-3-199 - Brain fitness 10.05 - Path: [[1, 1], (1, 2), (1, 3), (2, 3), (3, 4), (4, 4), (4, 3), (3, 3), (2, 3), (3, 4), (2, 4), (1, 4), (2, 3), (3, 4), (2, 4), (1, 4), (2, 3), (3, 4), (2, 4), (1, 4), (2, 3), (3, 4)]
INFO :: wrapper :: generation number: 3 - Brain id this_instance_id-3-15 - Brain fitness 3.7499999999999996 - Path: [[1, 1], (1, 2), (1, 3), (2, 3), (3, 4), (4, 4), (5, 4)]
INFO :: wrapper :: generation number: 3 - Brain id this_instance_id-3-101 - Brain fitness 3.7499999999999996 - Path: [[1, 1], (1, 2), (1, 3), (2, 3), (3, 4), (4, 4), (5, 4)]
INFO :: wrapper :: generation number: 3 - Brain id this_instance_id-3-108 - Brain fitness 3.7499999999999996 - Path: [[1, 1], (1, 2), (1, 3), (2, 3), (3, 4), (4, 4), (5, 4)]
INFO :: wrapper :: generation number: 3 - Brain id this_instance_id-3-168 - Brain fitness 3.7499999999999996 - Path: [[1, 1], (1, 2), (1, 3), (2, 3), (3, 4), (4, 4), (5, 4)]
INFO :: wrapper :: generation number: 3 - Brain id this_instance_id-3-187 - Brain fitness 3.7499999999999996 - Path: [[1, 1], (1, 2), (1, 3), (2, 3), (3, 4), (4, 4), (5, 4)]
INFO :: wrapper :: generation number: 3 - Brain id this_instance_id-3-196 - Brain fitness 3.7499999999999996 - Path: [[1, 1], (1, 2), (1, 3), (2, 3), (3, 4), (4, 4), (5, 4)]
INFO :: wrapper :: generation number: 3 - Brain id this_instance_id-3-39 - Brain fitness 0.3 - Path: [[1, 1], (0, 0), (-1, -1)]
INFO :: wrapper :: generation number: 3 - Brain id this_instance_id-3-93 - Brain fitness 0.3 - Path: [[1, 1], (0, 0), (-1, -1)]
INFO :: wrapper :: generation number: 3 - Brain id this_instance_id-3-151 - Brain fitness 0.3 - Path: [[1, 1], (0, 0), (-1, -1)]
INFO :: wrapper :: generation number: 3 - Brain id this_instance_id-3-153 - Brain fitness 0.3 - Path: [[1, 1], (0, 0), (-1, -1)]
INFO :: wrapper :: generation number: 3 - Brain id this_instance_id-3-162 - Brain fitness 0.3 - Path: [[1, 1], (0, 0), (-1, -1)]
INFO :: wrapper :: generation number: 3 - Brain id this_instance_id-3-171 - Brain fitness 0.3 - Path: [[1, 1], (0, 0), (-1, -1)]
