INFO :: wrapper :: generation number: 3 - Brain id this_instance_id-3-0 - Brain fitness 10.05 - Path: [[1, 1], (1, 2), (1, 3), (2, 3), (3, 4), (4, 4), (4, 3), (3, 3), (2, 3), (3, 4), (2, 4), (1, 4), (2, 3), (3, 4), (2, 4), (1, 4), (2, 3), (3, 4), (2, 4), (1, 4), (2, 3), (3, 4)]
INFO :: wrapper :: generation number: 3 - Brain id this_instance_id-3-1 - Brain fitness 10.05 - Path: [[1, 1], (1, 2), (1, 3), (2, 3), (3, 4), (4, 4), (4, 3), (3, 3), (2, 3), (3, 4), (2, 4), (1, 4), (2, 3), (3, 4), (2, 4), (1, 4), (2, 3), (3, 4), (2, 4), (1, 4), (2, 3), (3, 4)]
INFO :: wrapper :: generation number: 3 - Brain id this_instance_id-3-2 - Brain fitness 10.05 - Path: [[1, 1], (1, 2), (1, 3), (2, 3), (3, 4), (4, 4), (4, 3), (3, 3), (2, 3), (3, 4), (2, 4), (1, 4), (2, 3), (3, 4), (2, 4), (1, 4), (2, 3), (3, 4), (2, 4), (1, 4), (2, 3), (3, 4)]
INFO :: wrapper :: generation number: 3 - Brain id this_instance_id-3-3 - Brain fitness 10.05 - Path: [[1, 1], (1, 2), (1, 3), (2, 3), (3, 4), (4, 4), (4, 3), (3, 3), (2, 3), (3, 4), (2, 4), (1, 4), (2, 3), (3, 4), (2, 4), (1, 4), (2, 3), (3, 4), (2, 4), (1, 4), (2, 3), (3, 4)]
INFO :: wrapper :: generation number: 3 - Brain id this_instance_id-3-4 - Brain fitness 10.05 - Path: [[1, 1], (1, 2), (1, 3), (2, 3), (3, 4), (4, 4), (4, 3), (3, 3), (2, 3), (3, 4), (2, 4), (1, 4), (2, 3), (3, 4), (2, 4), (1, 4), (2, 3), (3, 4), (2, 4), (1, 4), (2, 3), (3, 4)]
INFO :: wrapper :: generation number: 3 - Brain id this_instance_id-3-5 - Brain fitness 10.05 - Path: [[1, 1], (1, 2), (1, 3), (2, 3), (3, 4), (4, 4), (4, 3), (3, 3), (2, 3), (3, 4), (2, 4), (1, 4), (2, 3), (3, 4), (2, 4), (1, 4), (2, 3), (3, 4), (2, 4), (1, 4), (2, 3), (3, 4)]
INFO :: wrapper :: generation number: 3 - Brain id this_instance_id-3-6 - Brain fitness 10.05 - Path: [[1, 1], (1, 2), (1, 3), (2, 3), (3, 4), (4, 4), (4, 3), (3, 3), (2, 3), (3, 4), (2, 4), (1, 4), (2, 3), (3, 4), (2, 4), (1, 4), (2, 3), (3, 4), (2, 4), (1, 4), (2, 3), (3, 4)]
INFO :: wrapper :: generation number: 3 - Brain id this_instance_id-3-7 - Brain fitness 10.05 - Path: [[1, 1], (1, 2), (1, 3), (2, 3), (3, 4), (4, 4), (4, 3), (3, 3), (2, 3), (3, 4), (2, 4), (1, 4), (2, 3), (3, 4), (2, 4), (1, 4), (2, 3), (3, 4), (2, 4), (1, 4), (2, 3), (3, 4)]
INFO :: wrapper :: generation number: 3 - Brain id this_instance_id-3-8 - Brain fitness 10.05 - Path: [[1, 1], (1, 2), (1, 3), (2, 3), (3, 4), (4, 4), (4, 3), (3, 3), (2, 3), (3, 4), (2, 4), (1, 4), (2, 3), (3, 4), (2, 4), (1, 4), (2, 3), (3, 4), (2, 4), (1, 4), (2, 3), (3, 4)]
INFO :: wrapper :: generation number: 3 - Brain id this_instance_id-3-9 - Brain fitness 10.05 - Path: [[1, 1], (1, 2), (1, 3), (2, 3), (3, 4), (4, 4), (4, 3), (3, 3), (2, 3), (3, 4), (2, 4), (1, 4), (2, 3), (3, 4), (2, 4), (1, 4), (2, 3), (3, 4), (2, 4), (1, 4), (2, 3), (3, 4)]
