INFO :: wrapper :: generation number: 1 - Brain id this_instance_id-1-69 - Brain fitness 10.05 - Path: [[1, 1], (1, 2), (1, 3), (2, 3), (3, 4), (4, 4), (4, 3), (3, 3), (2, 3), (3, 4), (2, 4), (1, 4), (2, 3), (3, 4), (2, 4), (1, 4), (2, 3), (3, 4), (2, 4), (1, 4), (2, 3), (3, 4)]
INFO :: wrapper :: generation number: 1 - Brain id this_instance_id-1-112 - Brain fitness 10.05 - Path: [[1, 1], (1, 2), (1, 3), (2, 3), (3, 4), (4, 4), (4, 3), (3, 3), (2, 3), (3, 4), (2, 4), (1, 4), (2, 3), (3, 4), (2, 4), (1, 4), (2, 3), (3, 4), (2, 4), (1, 4), (2, 3), (3, 4)]
INFO :: wrapper :: generation number: 1 - Brain id this_instance_id-1-117 - Brain fitness 10.05 - Path: [[1, 1], (1, 2), (1, 3), (2, 3), (3, 4), (4, 4), (4, 3), (3, 3), (2, 3), (3, 4), (2, 4), (1, 4), (2, 3), (3, 4), (2, 4), (1, 4), (2, 3), (3, 4), (2, 4), (1, 4), (2, 3), (3, 4)]
INFO :: wrapper :: generation number: 1 - Brain id this_instance_id-1-189 - Brain fitness 10.05 - Path: [[1, 1], (1, 2), (1, 3), (2, 3), (3, 4), (4, 4), (4, 3), (3, 3), (2, 3), (3, 4), (2, 4), (1, 4), (2, 3), (3, 4), (2, 4), (1, 4), (2, 3), (3, 4), (2, 4), (1, 4), (2, 3), (3, 4)]
INFO :: wrapper :: generation number: 1 - Brain id this_instance_id-1-190 - Brain fitness 10.05 - Path: [[1, 1], (1, 2), (1, 3), (2, 3), (3, 4), (4, 4), (4, 3), (3, 3), (2, 3), (3, 4), (2, 4), (1, 4), (2, 3), (3, 4), (2, 4), (1, 4), (2, 3), (3, 4), (2, 4), (1, 4), (2, 3), (3, 4)]
INFO :: wrapper :: generation number: 1 - Brain id this_instance_id-1-5 - Brain fitness 6.9 - Path: [[1, 1], (2, 1), (3, 1), (4, 2), (4, 3), (3, 3), (4, 4), (3, 4), (3, 3), (4, 4), (3, 4), (3, 3), (4, 4), (3, 4), (3, 3), (4, 4), (3, 4), (3, 3), (4, 4), (3, 4), (3, 3), (4, 4)]
INFO :: wrapper :: generation number: 1 - Brain id this_instance_id-1-10 - Brain fitness 6.9 - Path: [[1, 1], (2, 1), (3, 1), (4, 2), (4, 3), (3, 3), (4, 4), (3, 4), (3, 3), (4, 4), (3, 4), (3, 3), (4, 4), (3, 4), (3, 3), (4, 4), (3, 4), (3, 3), (4, 4), (3, 4), (3, 3), (4, 4)]
INFO :: wrapper :: generation number: 1 - Brain id this_instance_id-1-13 - Brain fitness 6.9 - Path: [[1, 1], (2, 1), (3, 1), (4, 2), (4, 3), (3, 3), (4, 4), (3, 4), (3, 3), (4, 4), (3, 4), (3, 3), (4, 4), (3, 4), (3, 3), (4, 4), (3, 4), (3, 3), (4, 4), (3, 4), (3, 3), (4, 4)]
INFO :: wrapper :: generation number: 1 - Brain id this_instance_id-1-26 - Brain fitness 6.9 - Path: [[1, 1], (2, 1), (3, 1), (4, 2), (4, 3), (3, 3), (4, 4), (3, 4), (3, 3), (4, 4), (3, 4), (3, 3), (4, 4), (3, 4), (3, 3), (4, 4), (3, 4), (3, 3), (4, 4), (3, 4), (3, 3), (4, 4)]
INFO :: wrapper :: generation number: 1 - Brain id this_instance_id-1-40 - Brain fitness 6.9 - Path: [[1, 1], (2, 1), (3, 1), (4, 2), (4, 3), (3, 3), (4, 4), (3, 4), (3, 3), (4, 4), (3, 4), (3, 3), (4, 4), (3, 4), (3, 3), (4, 4), (3, 4), (3, 3), (4, 4), (3, 4), (3, 3), (4, 4)]
