INFO :: wrapper :: generation number: 2 - Brain id this_instance_id-2-4 - Brain fitness 10.05 - Path: [[1, 1], (1, 2), (1, 3), (2, 3), (3, 4), (4, 4), (4, 3), (3, 3), (2, 3), (3, 4), (2, 4), (1, 4), (2, 3), (3, 4), (2, 4), (1, 4), (2, 3), (3, 4), (2, 4), (1, 4), (2, 3), (3, 4)]
INFO :: wrapper :: generation number: 2 - Brain id this_instance_id-2-5 - Brain fitness 10.05 - Path: [[1, 1], (1, 2), (1, 3), (2, 3), (3, 4), (4, 4), (4, 3), (3, 3), (2, 3), (3, 4), (2, 4), (1, 4), (2, 3), (3, 4), (2, 4), (1, 4), (2, 3), (3, 4), (2, 4), (1, 4), (2, 3), (3, 4)]
INFO :: wrapper :: generation number: 2 - Brain id this_instance_id-2-7 - Brain fitness 10.05 - Path: [[1, 1], (1, 2), (1, 3), (2, 3), (3, 4), (4, 4), (4, 3), (3, 3), (2, 3), (3, 4), (2, 4), (1, 4), (2, 3), (3, 4), (2, 4), (1, 4), (2, 3), (3, 4), (2, 4), (1, 4), (2, 3), (3, 4)]
INFO :: wrapper :: generation number: 2 - Brain id this_instance_id-2-10 - Brain fitness 10.05 - Path: [[1, 1], (1, 2), (1, 3), (2, 3), (3, 4), (4, 4), (4, 3), (3, 3), (2, 3), (3, 4), (2, 4), (1, 4), (2, 3), (3, 4), (2, 4), (1, 4), (2, 3), (3, 4), (2, 4), (1, 4), (2, 3), (3, 4)]
INFO :: wrapper :: generation number: 2 - Brain id this_instance_id-2-11 - Brain fitness 10.05 - Path: [[1, 1], (1, 2), (1, 3), (2, 3), (3, 4), (4, 4), (4, 3), (3, 3), (2, 3), (3, 4), (2, 4), (1, 4), (2, 3), (3, 4), (2, 4), (1, 4), (2, 3), (3, 4), (2, 4), (1, 4), (2, 3), (3, 4)]
INFO :: wrapper :: generation number: 2 - Brain id this_instance_id-2-12 - Brain fitness 10.05 - Path: [[1, 1], (1, 2), (1, 3), (2, 3), (3, 4), (4, 4), (4, 3), (3, 3), (2, 3), (3, 4), (2, 4), (1, 4), (2, 3), (3, 4), (2, 4), (1, 4), (2, 3), (3, 4), (2, 4), (1, 4), (2, 3), (3, 4)]
INFO :: wrapper :: generation number: 2 - Brain id this_instance_id-2-13 - Brain fitness 10.05 - Path: [[1, 1], (1, 2), (1, 3), (2, 3), (3, 4), (4, 4), (4, 3), (3, 3), (2, 3), (3, 4), (2, 4), (1, 4), (2, 3), (3, 4), (2, 4), (1, 4), (2, 3), (3, 4), (2, 4), (1, 4), (2, 3), (3, 4)]
INFO :: wrapper :: generation number: 2 - Brain id this_instance_id-2-15 - Brain fitness 10.05 - Path: [[1, 1], (1, 2), (1, 3), (2, 3), (3, 4), (4, 4), (4, 3), (3, 3), (2, 3), (3, 4), (2, 4), (1, 4), (2, 3), (3, 4), (2, 4), (1, 4), (2, 3), (3, 4), (2, 4), (1, 4), (2, 3), (3, 4)]
INFO :: wrapper :: generation number: 2 - Brain id this_instance_id-2-16 - Brain fitness 10.05 - Path: [[1, 1], (1, 2), (1, 3), (2, 3), (3, 4), (4, 4), (4, 3), (3, 3), (2, 3), (3, 4), (2, 4), (1, 4), (2, 3), (3, 4), (2, 4), (1, 4), (2, 3), (3, 4), (2, 4), (1, 4), (2, 3), (3, 4)]
INFO :: wrapper :: generation number: 2 - Brain id this_instance_id-2-17 - Brain fitness 10.05 - Path: [[1, 1], (1, 2), (1, 3), (2, 3), (3, 4), (4, 4), (4, 3), (3, 3), (2, 3), (3, 4), (2, 4), (1, 4), (2, 3), (3, 4), (2, 4), (1, 4), (2, 3), (3, 4), (2, 4), (1, 4), (2, 3), (3, 4)]
